0 0.0 0.27676556
1 0.0 -0.28582495
2 -0.0 -0.007943124
3 -0.0 0.2478084
4 0.0 0.009941209
5 -0.0 0.7885882
6 0.0 0.5962721
7 -0.0 0.43272364
8 -0.0 -0.016116366
9 -0.0 0.7424319
10 -0.0 0.21406996
11 0.0 -0.2980548
12 -0.0 0.38049063
13 -0.0 0.7063656
14 0.0 -1.0
15 -0.0 -0.48275328
16 -0.0 -0.85561216
17 0.0 -0.717294
18 0.0 -0.62091154
19 0.0 -0.5273285
20 0.0 -0.24367358
21 0.0 0.94409
22 0.0 -0.0054326295
23 -0.0 0.47850552
24 0.0 0.3008297
25 0.0 0.35398617
26 0.0 0.6244743
27 0.0 0.8953845
28 -0.0 -0.9771322
29 0.0 -0.61967605
30 0.0 0.5358843
31 -0.0 -0.6040525
32 -0.0 -0.6852947
33 -0.0 -0.36469796
34 -0.0 -0.15346827
35 -0.0 0.07839696
36 -0.0 -0.14174166